[redshift]
location-provider=manual
temp-day=5000
temp-night=3700
brightness-day=0.8
brightness-night=0.7
transition=1

[manual]
lat=50.33653357448767
lon=-4.800309804533538
